# Camera calibration and distortion parameters (OpenCV)
# https://github.com/thsant/3dmcap/blob/master/resources/Logitech-C920.yaml
# TODO: Adjust them for our camera.

fx: 1394.6027293299926
fy: 1394.6027293299926
cx: 995.588675691456
cy: 599.3212928484164

k1: 0.11480806073904032
k2: -0.21946985653851792
p1: 0.0012002116999769957
p2: 0.008564577708855225
k3: 0.11274677130853494

width: 1980
height: 1080
frames_per_second: 10
